1042694
1042694
1042694
1042694
1042694
2189932
16217
51879
1085434
3490958
3490990
3490981
3490981
3491001
3491036
3570748
3570748
3759621
691220
464223
284580
99
99
99
112
112
112
112
134
134
148
148
148
202
202
202
202
202
202
141
224
224
224
224
224
224
224
108
124
155
172
172
212
212
211
101
104
104
169
168
168
168
209
210
210
219
224
224
230
230
230
230
230
230
230
230
230
230
230
230
230
230
230
230
230
230
230
230
80
80
80
80
80
80
80
80
80
80
80
80
80
80
80
80
80
80
80
80
186
186
216
221
221
221
221
221
221
221
221
221
221
133
132
132
218
218
0
0
278
278
278
278
278
278
278
278
278
278
278
278
278
278
278
278
278
278
278
278
278
278
278
278
278
278
100
131
131
131
220
220
220
220
220
220
220
220
220
220
220
220
220
220
220
220
220
220
220
220
220
220
220
220
220
280
326
346
346
346
195
195
196
195
224
224
232
232
5250085
715
714
714
714
714
714
714
714
714
714
714
714
714
714
714
714
714
714
714
714
714
715
715
715
714
714
714
714
714
714
714
714
774
234070
234070
234056
234056
0
1
2
0
0
0
0
0
28
0
2
0
2
0
1
0
13
2
1
1
1
1
1
1
2
1
2
2
2
2
2
2
2
2
1
1
1
1
2
2
2
2
1
2
2
2
2
2
1
1
2
1
1
1
1
2
1
2
2
1
2
2
2
2
2
2
1
1
1
2
2
1
2
2
1
1
2
2
2
1
2
2
1
1
2
1
2
1
2
1
1
2
2
1
1
2
2
2
2
2
1
2
1
1
2
1
1
1
1
1
2
2
1
1
1
1
1
2
1
1
1
1
1
3
1
1
3
3
3
3
3
1
3
3
3
3
3
1
3
3
3
3
3
3
3
3
1
1
1
1
1
1
1
1
1
1
1
1
1
1
1
1
1
1
1
1
1
1
1
1
1
1
1
1
1
1
1
1
1
1
1
1
1
1
1
1
1
1
1
1
1
1
1
1
1
1
1
1
1
1
1
1
1
1
1
1
1
1
1
1
1
1
1
1
1
1
1
1
1
1
1
1
1
1
1
1
1
1
1
1
1
1
1
1
1
1
1
1
1
1
1
1
1
1
1
1
1
1
1
1
51
1
0
0
0
0
2
1
0
240035
240035
1042694
1042694
1042694
1042694
733
702
702
702
702
733
702
702
702
702
702
702
702
702
733
702
702
702
702
702
702
702
733
702
702
702
734
703
703
703
734
703
703
703
703
703
703
703
703
734
703
703
703
734
734
734
703
703
703
703
703
703
703
703
734
703
734
703
703
703
703
703
703
703
703
703
703
703
734
703
703
703
703
703
703
703
703
703
703
703
734
734
734
734
734
734
734
734
734
703
703
703
703
703
703
703
703
703
703
703
703
703
703
703
734
703
703
703
734
703
734
703
703
703
734
703
703
703
734
734
734
734
734
734
734
703
734
703
734
734
734
703
734
703
703
734
703
703
703
703
703
703
703
703
703
703
703
703
703
703
734
703
703
703
703
734
734
734
734
734
734
734
734
734
734
734
734
734
734
734
734
734
734
734
734
734
734
734
734
734
734
734
734
734
734
734
734
734
734
734
734
734
734
734
734
734
734
734
734
734
734
703
734
703
703
734
734
734
703
703
703
703
703
703
703
703
703
703
703
703
703
703
703
703
734
703
734
734
703
703
703
703
703
703
703
703
703
703
703
703
703
703
703
703
703
703
703
703
703
703
703
734
703
703
734
703
703
703
734
703
703
703
703
703
703
734
734
703
703
703
703
734
703
734
703
703
734
734
734
734
734
734
734
734
734
734
734
734
734
734
734
734
734
734
734
734
734
734
734
734
734
734
734
734
703
734
734
734
734
734
734
734
734
734
734
734
734
734
734
734
734
734
734
734
734
734
734
734
734
734
734
734
734
735
735
735
735
735
735
735
735
735
735
735
735
735
735
735
735
735
735
735
735
735
735
735
735
735
735
735
735
735
735
735
735
735
735
735
735
735
735
735
735
735
735
735
704
735
735
735
735
735
735
704
735
735
735
735
735
735
704
704
735
735
735
319
319
319
319
319
319
319
319
319
319
319
319
319
319
319
319
319
319
319
319
319
319
319
319
319
319
319
319
319
319
319
319
319
319
319
319
319
319
319
319
319
319
319
319
319
319
319
319
319
319
319
319
319
319
319
319
319
319
319
319
319
319
319
319
319
319
319
319
319
319
319
319
319
319
319
319
319
319
319
319
319
319
319
319
319
319
319
319
319
319
319
319
319
319
319
319
319
319
319
319
319
319
319
319
319
319
319
319
319
319
319
319
319
319
319
319
319
319
319
319
319
319
319
319
319
319
319
319
319
319
319
319
319
319
319
319
319
319
319
319
319
319
319
319
319
319
319
319
319
319
319
319
319
319
319
319
319
319
319
319
319
319
319
319
319
319
319
319
319
319
319
319
319
319
319
319
319
319
319
319
319
319
319
319
319
319
319
319
319
319
319
319
319
319
319
319
319
319
319
319
319
320
319
319
319
320
320
320
319
319
319
319
320
319
319
320
320
320
319
319
319
320
320
319
320
320
319
320
320
320
320
320
320
320
319
319
319
319
320
320
320
320
320
320
319
320
319
319
319
319
319
319
319
319
319
319
319
319
319
319
319
319
319
319
319
319
319
319
319
319
319
319
319
319
319
319
319
319
319
319
319
319
319
319
319
319
319
319
319
319
319
319
319
319
319
319
319
319
319
319
319
319
319
319
319
319
319
319
319
319
319
319
319
319
319
319
319
319
319
319
319
319
319
319
319
319
319
319
319
319
319
319
319
319
319
319
319
319
319
319
319
319
319
319
319
319
319
319
319
319
319
319
319
319
319
319
319
319
319
319
319
319
319
319
319
319
319
319
319
319
319
319
319
319
319
319
319
319
319
319
319
319
319
319
319
319
319
319
319
319
319
319
319
1259
30
30
30
30
30
30
30
30
30
30
30
30
30
30
30
30
30
30
30
30
30
30
30
30
30
30
30
30
30
30
30
30
30
30
30
30
30
30
30
30
30
30
30
30
30
30
30
30
30
30
30
30
30
30
30
30
30
30
30
30
30
30
30
30
30
30
30
30
30
30
30
30
30
30
30
30
30
30
30
30
30
30
30
30
30
30
30
30
30
30
30
30
30
30
30
30
30
30
30
30
30
30
30
30
30
30
30
30
30
30
30
30
30
30
30
30
30
30
30
30
30
30
30
30
30
30
30
30
30
30
30
30
30
30
30
30
30
30
30
30
30
30
30
30
30
30
30
30
30
30
30
30
30
30
30
30
30
30
30
30
30
30
30
30
30
30
30
30
30
30
30
30
30
30
30
30
30
30
30
30
30
30
30
30
30
30
30
30
30
30
30
30
30
30
30
30
30
30
30
30
30
30
30
30
30
30
30
30
30
30
30
30
30
30
30
30
30
30
30
30
30
30
30
30
30
30
30
30
30
30
30
30
30
30
30
30
30
30
30
30
30
30
30
30
30
30
30
30
30
30
30
30
30
30
30
30
30
30
30
30
30
30
30
30
30
30
30
30
30
30
30
30
30
30
30
30
30
30
30
30
30
30
30
30
30
30
30
30
30
30
30
30
30
29
29
29
29
29
29
29
29
29
29
29
29
29
29
29
29
29
29
29
29
29
29
29
29
29
29
29
29
29
29
29
29
29
29
29
29
29
29
29
29
29
29
29
29
29
29
29
29
29
29
29
29
29
29
29
29
29
29
29
29
29
29
29
29
29
29
29
29
29
29
29
29
29
29
29
29
29
29
29
29
29
29
29
29
29
29
29
29
29
29
29
29
29
29
29
29
29
29
29
29
29
29
136
1012
260
