30211
23263
20115
11774
12061
11981
26097
12128
26938
30064
46350
16738
28502
22866
20005
13570
2140
19176
16791
26279
14904
16387
30066
10461
36489
19885
23304
23459
33458
26959
11588
36103
12004
14063
13354
11988
22135
22680
26396
26387
14092
19135
32730
13883
22434
10388
19369
30462
17160
25956
40249
40234
36152
33745
33098
16756
46303
27485
18434
25989
53945
53485
32425
15227
30217
13684
15206
10970
19656
3729
6503
31762
29891
22716
30302
31823
30452
14313
46426
15173
19018
16852
16769
19830
16934
62477
27553
11007
26963
14793
17175
26108
26983
23551
17305
36262
32373
18728
21993
21869
26417
19576
46824
46548
54576
18603
54218
53476
27424
40527
33193
54698
23315
12120
33199
33402
40593
53668
22479
19349
55218
46610
22267
14218
31840
33620
11043
26998
31998
53544
36407
19587
15012
40852
30593
22553
21714
30349
33166
19272
31877
13923
19103
21925
18606
26076
3770
19318
36279
33699
19141
36357
53530
29815
14108
36380
26309
18747
20290
13750
32869
6596
14547
30510
8014
29702
40106
22188
40397
32973
18917
20389
32945
17403
33242
21755
30448
14694
18546
22456
14424
19829
14248
19575
46524
14936
20001
53681
1782
18672
53909
40460
13430
46578
1825
40717
22124
22082
27383
26619
11081
20282
11358
40199
26388
22502
62514
16493
14601
13547
13849
11331
32646
30260
53716
27564
31809
22783
26355
40897
46648
25885
19779
31837
23008
13388
7065
19347
32035
23428
32594
31888
39967
33408
40901
17310
27351
14324
15079
32295
46591
22361
30053
26459
26053
23470
30195
32172
14330
7208
46387
40640
32261
21841
23476
15146
20353
17203
25873
46104
27947
33543
29978
33304
21511
30646
27573
40089
19187
546
4583
27064
1733
11013
19406
9293
22768
11784
10455
10255
11092
7093
3944
31822
40498
577
812
852
22652
11489
21548
55189
54989
376
55068
36255
5769
22639
26321
55179
14133
21594
14697
55153
15318
603
25805
15290
3584
40884
25899
7260
12097
11985
2711
22863
54831
13657
14843
20046
10796
7751
7795
3764
32806
4497
33203
11859
11606
3598
16949
21439
18258
26899
6597
17037
7029
11086
33332
14103
11841
63059
8130
30495
2771
30586
7403
19842
46540
22286
19402
10909
33165
6983
6062
27342
11487
27519
30421
25800
6653
36265
21979
22970
1617
10594
18626
11867
20079
54489
2703
10288
14458
4314
26124
6126
11992
36851
80
23311
11847
13768
19936
3145
21952
10457
29736
26200
18981
36346
17094
22846
26476
21629
27024
11441
32623
18550
33164
15128
20453
25833
40280
18936
28006
15078
3601
6938
