   2 0
   1 100
   1 101
   2 104
   5 1042694
   1 108
   1 1085434
   4 112
   1 124
   3 131
   2 132
   1 133
   2 134
   1 141
   3 148
   1 155
   1 16217
   3 168
   1 169
   2 172
   2 186
   3 195
   1 196
   6 202
   1 209
   2 210
   1 211
   2 212
   1 216
   2 218
   1 2189932
   1 219
  25 220
  10 221
  11 224
  20 230
   2 232
  26 278
   1 280
   1 284580
   1 326
   3 346
   1 3490958
   2 3490981
   1 3490990
   1 3491001
   1 3491036
   2 3570748
   1 3759621
   1 464223
   1 51879
   1 5250085
   1 691220
  28 714
   4 715
   1 774
  20 80
   3 99
   1 1012
   4 1042694
   1 1259
   1 136
   2 240035
   1 260
 102 29
 293 30
 367 319
  26 320
  22 702
 155 703
   4 704
   4 733
 152 734
  58 735
  15 0
 165 1
   1 13
  57 2
   2 234056
   2 234070
   1 28
  19 3
   1 51
